date	WindgeschwindigkeitMean (m/s)	TemperaturMean (°C)	TemperaturMax (°C)	TemperaturMin (°C)	Luftfeuchte (%)	BodentemperaturMean (°C)	BlattnaesseNass (h)	BlattnaesseTaunass (h)	BlattnaesseTrocken (h)	Niederschlag (mm)	PotVerdunstung (mm)	Wasserbilanz (mm)	Globalstrahlung (Wh/m²)	UVA (Wh/m²)	UVB (mWh/m²)	PARMean (µmol/m²s)	PARSum (µmol/m²s)	Sonnenschein (h)	
01/01/2020	2.33	0.72	4.76	-1.52	85.42	3.06	0.08	12.74	11.14	0.10	0.42	-0.32	1212.28	56.76	138.77	110.24	15874.10	5.10	
02/01/2020	2.20	1.22	4.59	-2.74	86.18	2.70	0.00	7.13	16.84	0.00	0.23	-0.23	798.81	50.63	121.74	76.73	11048.80	2.35	
03/01/2020	3.54	7.09	10.56	3.38	83.27	3.30	2.13	3.01	18.81	1.90	0.54	1.36	866.92	42.20	93.82	82.37	11861.70	3.05	
04/01/2020	3.43	5.28	6.92	3.13	80.53	4.24	2.29	5.85	15.83	0.10	0.53	-0.43	517.74	33.20	80.38	49.82	7173.65	0.60	
05/01/2020	1.64	6.00	7.26	4.90	77.59	4.58	0.00	0.00	23.98	0.00	0.55	-0.55	225.45	17.90	41.80	22.03	3172.41	0.00	
06/01/2020	2.48	4.37	8.21	2.22	71.11	4.63	0.00	0.00	23.96	0.00	0.74	-0.74	1259.56	59.46	142.63	115.43	16622.20	5.30	
07/01/2020	2.38	6.24	9.79	2.49	76.99	4.43	0.20	6.16	17.61	0.30	0.74	-0.44	1011.20	51.67	118.32	93.89	13520.70	3.92	
08/01/2020	2.19	8.70	10.91	5.80	80.01	4.91	0.00	3.82	20.14	0.40	0.59	-0.19	511.61	36.34	88.45	50.28	7240.31	0.99	
09/01/2020	3.72	11.37	13.25	9.39	79.74	6.01	0.01	5.12	18.83	1.60	0.79	0.81	221.92	15.48	29.91	21.37	3077.61	0.01	
10/01/2020	3.00	7.75	10.40	2.67	81.41	6.69	3.48	9.53	10.95	2.50	0.31	2.19	364.23	24.00	51.58	34.95	5032.86	0.22	
11/01/2020	1.56	4.06	6.89	1.65	77.31	6.05	1.47	7.34	15.16	0.00	0.63	-0.63	841.11	45.94	113.91	79.35	11426.40	3.88	
12/01/2020	2.84	4.51	7.35	-0.06	78.80	5.03	0.08	1.78	22.09	0.00	0.52	-0.52	1039.56	56.66	143.58	99.37	14309.60	3.94	
13/01/2020	3.41	6.68	8.72	4.29	79.28	4.93	0.00	0.00	23.97	0.00	0.47	-0.47	826.32	50.08	118.92	78.34	11280.50	2.76	
14/01/2020	6.30	9.65	11.66	7.98	66.55	5.40	0.00	0.00	23.96	0.00	0.76	-0.76	595.52	38.64	89.71	57.92	8339.77	0.35	
15/01/2020	3.95	11.08	13.52	8.72	63.21	6.07	0.00	0.00	23.96	0.00	1.50	-1.50	1380.89	62.08	137.52	129.78	18688.90	5.50	
16/01/2020	2.14	7.69	12.25	1.98	78.60	6.31	0.86	6.61	16.49	0.00	1.20	-1.20	1397.06	67.79	156.01	129.43	18638.20	5.55	
17/01/2020	3.31	7.69	10.50	4.45	74.79	6.01	0.00	0.59	23.14	0.00	0.66	-0.66	594.96	31.16	66.99	56.65	8157.20	1.24	
18/01/2020	2.61	4.36	6.99	1.47	74.40	5.67	0.29	2.16	21.52	1.00	0.69	0.31	1073.41	54.69	120.80	100.60	14486.40	4.19	
19/01/2020	1.56	2.81	4.34	1.32	89.27	5.09	9.58	14.05	0.33	2.60	0.18	2.42	440.73	31.96	74.22	42.54	6126.13	0.39	
20/01/2020	0.86	1.46	5.55	-3.13	87.93	4.77	2.76	16.19	5.01	0.30	0.58	-0.28	886.46	53.50	193.32	83.59	12037.50	2.73	
21/01/2020	1.07	-0.91	6.04	-4.29	85.33	3.90	0.63	6.87	16.46	0.10	0.65	-0.55	1466.68	72.37	285.02	134.43	19357.90	5.35	
22/01/2020	0.85	-1.20	1.85	-5.50	91.24	3.01	1.89	13.43	8.65	0.10	0.12	-0.02	657.92	38.21	208.40	64.30	9258.94	1.48	
23/01/2020	2.14	1.11	2.01	-1.15	90.17	3.00	0.43	13.07	10.46	0.00	0.14	-0.14	260.12	20.65	160.58	25.29	3641.75	0.00	
24/01/2020	1.48	0.01	2.97	-3.98	85.61	2.84	0.03	11.08	12.86	0.00	0.39	-0.39	1083.88	60.75	271.45	103.42	14891.90	4.09	
25/01/2020	2.30	1.07	3.65	-1.16	90.43	2.85	0.54	10.90	12.52	0.00	0.18	-0.18	726.90	45.85	230.84	70.51	10153.70	2.43	
26/01/2020	3.15	3.91	9.18	-0.29	85.39	3.11	2.05	10.17	11.74	0.00	0.74	-0.74	1605.98	78.73	299.76	150.89	21728.70	5.81	
27/01/2020	3.65	7.25	8.63	3.47	79.35	3.80	0.18	8.84	14.95	1.30	0.39	0.91	439.48	30.44	169.94	42.53	6124.91	0.00	
28/01/2020	4.54	5.35	7.68	2.87	69.90	4.33	1.73	4.29	17.95	3.70	0.84	2.86	1446.98	75.03	268.51	135.31	19484.60	5.40	
29/01/2020	3.87	4.52	6.67	2.29	68.58	3.94	0.30	2.06	21.61	0.20	0.77	-0.57	891.76	54.16	230.71	85.07	12249.90	2.58	
30/01/2020	3.39	7.62	12.83	4.46	72.60	3.95	0.00	0.51	23.46	0.20	0.75	-0.55	1198.43	70.62	277.30	116.17	16728.80	5.60	
31/01/2020	4.01	12.51	15.74	9.04	72.56	5.33	0.00	0.00	23.95	0.00	1.38	-1.38	1685.25	89.63	222.90	161.05	23190.80	5.80	
01/02/2020	4.17	10.96	12.10	7.31	74.87	6.44	3.82	4.27	15.87	5.80	0.63	5.17	481.09	32.15	75.10	46.48	6692.89	0.46	
02/02/2020	4.04	9.83	14.73	5.37	71.48	6.52	0.08	3.77	20.10	2.00	0.96	1.04	866.69	53.81	130.74	84.27	12134.80	3.46	
03/02/2020	3.88	9.83	11.55	5.54	70.25	6.87	0.72	3.58	19.66	8.80	0.94	7.86	823.20	57.42	145.11	80.95	11657.10	3.04	
04/02/2020	4.10	4.31	6.10	2.48	82.82	6.43	4.22	16.46	3.29	10.20	0.49	9.71	1131.16	67.74	165.02	107.74	15514.00	3.38	
05/02/2020	2.04	3.69	7.22	-0.48	81.31	5.74	1.33	14.71	7.93	0.00	0.75	-0.75	1900.60	95.61	243.45	176.98	25485.10	6.20	
06/02/2020	0.96	1.95	6.89	-1.58	81.42	5.07	0.86	11.65	11.44	0.00	0.73	-0.73	1299.72	78.08	205.80	124.68	17954.50	5.61	
07/02/2020	2.86	2.09	6.83	-1.58	76.18	4.31	0.25	8.18	15.53	0.10	0.72	-0.62	2128.09	104.20	274.65	199.23	28689.30	7.12	
08/02/2020	3.35	6.07	10.48	0.40	69.99	3.94	0.00	0.00	23.96	0.00	0.96	-0.96	472.49	31.91	81.90	46.01	6625.25	0.87	
09/02/2020	6.49	9.57	12.77	3.27	69.09	4.64	0.00	2.61	21.36	1.40	1.28	0.12	875.20	53.82	140.46	84.94	12232.00	3.63	
10/02/2020	7.62	7.97	11.84	3.96	66.41	5.63	1.33	7.37	15.26	10.80	1.10	9.70	1664.71	93.34	247.19	159.59	22980.20	5.13	
11/02/2020	6.83	5.06	7.48	2.19	60.30	5.10	1.56	3.64	18.75	2.70	0.84	1.86	1591.06	83.91	222.71	151.21	21774.00	5.14	
12/02/2020	4.74	4.72	7.83	1.69	62.53	4.37	1.50	3.25	19.21	0.90	1.07	-0.17	2042.56	110.62	275.83	195.32	28125.90	6.22	
13/02/2020	3.71	4.44	7.29	1.04	79.62	4.02	2.68	4.61	16.68	4.80	0.38	4.42	941.63	53.86	132.35	88.87	12797.90	3.03	
14/02/2020	2.52	6.27	8.29	3.65	76.30	4.47	1.94	8.26	13.77	1.30	0.69	0.61	837.73	55.96	156.51	81.22	11695.70	3.65	
15/02/2020	2.74	8.21	12.64	2.34	69.75	4.73	0.07	3.94	19.94	0.00	1.20	-1.20	1927.92	111.49	297.66	186.37	26837.00	6.14	
16/02/2020	7.30	13.51	17.88	8.52	58.08	5.81	2.26	0.15	21.55	2.40	2.00	0.40	1855.01	103.61	263.63	181.17	26088.30	5.48	
17/02/2020	4.22	8.14	11.53	6.14	67.30	6.58	1.63	3.68	18.66	1.80	1.28	0.52	1635.33	92.95	241.00	156.48	22533.30	4.91	
18/02/2020	4.15	6.72	9.40	5.00	67.59	6.05	0.00	0.01	23.95	0.00	0.94	-0.94	2220.15	114.03	291.17	213.35	30721.80	6.33	
19/02/2020	4.13	5.50	7.40	3.38	67.78	5.70	0.00	1.84	22.12	0.50	0.89	-0.39	1602.60	98.74	266.62	154.34	22224.70	4.96	
20/02/2020	4.23	7.31	10.06	4.63	73.31	5.48	2.27	0.63	21.07	2.80	0.82	1.98	1031.39	65.05	180.74	100.20	14429.10	3.66	
21/02/2020	3.54	5.45	8.89	2.53	67.90	5.46	0.18	1.71	22.07	0.00	0.93	-0.93	2289.11	126.07	337.88	221.37	31876.70	7.44	
22/02/2020	3.59	7.93	11.36	2.39	64.24	5.09	0.00	0.00	23.97	0.00	1.21	-1.21	853.23	53.78	144.24	83.16	11975.30	3.03	
23/02/2020	5.82	10.43	14.13	6.38	73.67	5.91	2.70	3.72	17.54	4.40	1.06	3.34	775.31	55.14	143.17	76.42	11004.40	2.20	
24/02/2020	3.39	7.72	12.31	2.12	76.00	6.33	0.07	2.75	21.13	0.80	0.62	0.18	1211.19	74.85	198.88	117.09	16861.20	4.27	
25/02/2020	3.69	7.58	11.27	3.28	72.44	6.73	1.80	9.60	12.56	7.50	1.03	6.47	1869.04	110.21	305.80	179.84	25896.40	5.91	
26/02/2020	4.74	3.36	4.84	1.04	75.08	5.99	0.83	6.09	17.06	2.20	0.44	1.76	1528.49	92.10	242.99	146.91	21154.30	4.71	
27/02/2020	2.94	1.91	4.02	0.12	85.56	5.05	2.24	12.59	9.14	5.50	0.17	5.33	614.30	41.82	116.92	58.76	8461.70	0.45	
28/02/2020	3.95	3.76	7.17	0.90	73.27	4.37	1.07	7.71	15.19	9.00	0.73	8.27	2737.32	151.27	429.75	261.93	37718.40	7.64	
29/02/2020	5.01	8.61	14.48	5.17	67.78	4.92	0.00	0.75	23.22	0.40	1.36	-0.96	2397.99	123.11	302.06	230.34	33168.20	6.66	
01/03/2020	4.25	6.73	10.51	2.61	68.66	5.38	1.34	4.43	17.95	10.10	1.60	8.50	2618.11	142.51	374.76	252.76	36397.90	7.31	
02/03/2020	2.74	6.06	10.42	2.80	77.12	5.50	1.38	7.89	14.70	4.10	1.33	2.77	1639.78	99.32	265.83	158.42	22812.30	5.51	
03/03/2020	2.79	4.89	8.44	1.67	70.68	5.55	0.83	5.61	17.53	0.80	1.17	-0.37	2673.50	151.96	387.31	256.58	36946.90	7.82	
04/03/2020	2.74	5.58	10.13	2.34	71.78	5.29	0.00	0.59	23.38	0.10	1.38	-1.28	2639.95	146.48	377.99	254.62	36665.10	7.69	
05/03/2020	3.47	5.27	6.71	3.67	87.21	5.35	0.93	10.80	12.23	8.60	0.27	8.33	962.13	64.93	193.99	93.45	13456.50	2.32	
06/03/2020	3.41	5.19	6.86	3.37	86.02	5.48	3.27	11.65	6.58	7.80	0.41	7.39	445.75	33.51	89.53	43.10	6206.37	0.00	
07/03/2020	2.34	5.95	9.49	3.50	69.77	5.31	0.00	0.00	22.44	0.00	1.31	-1.31	1922.11	117.87	317.82	184.70	26596.40	5.88	
08/03/2020	4.05	8.70	12.37	6.38	68.40	5.75	0.00	2.17	21.78	0.30	1.51	-1.21	2343.02	135.64	367.93	228.47	32900.10	7.05	
09/03/2020	2.62	7.04	10.40	4.73	71.53	6.23	0.01	4.33	18.55	0.40	1.37	-0.97	2334.26	142.81	386.61	224.86	32379.70	6.82	
10/03/2020	5.49	10.16	14.55	5.17	75.46	6.31	0.79	7.07	12.42	6.50	0.85	5.65	1346.22	90.72	261.31	131.67	18959.80	6.10	
11/03/2020	4.75	13.84	16.19	12.34	72.11	7.70	0.00	1.13	21.78	0.20	1.48	-1.28	2475.31	147.98	411.67	241.45	34768.10	6.91	
12/03/2020	5.17	10.21	13.48	5.37	57.45	8.43	0.00	1.41	22.55	0.50	1.84	-1.34	2779.22	164.63	481.02	268.47	38659.10	7.11	
13/03/2020	3.95	6.86	9.81	3.23	64.39	7.41	0.00	0.24	22.65	0.00	1.31	-1.31	2129.42	122.90	328.00	205.60	29606.00	8.05	
14/03/2020	2.18	6.27	11.52	1.20	69.74	6.89	0.33	7.95	13.50	0.00	0.00	0.00	3010.51	161.93	416.11	290.77	41871.50	8.23	
15/03/2020	2.79	9.49	15.23	4.20	61.55	7.02	0.00	0.00	21.77	0.00	2.22	-2.22	3522.43	199.74	534.52	341.42	49164.20	9.83	
16/03/2020	1.46	10.59	17.29	3.02	65.15	7.28	0.00	0.26	22.61	0.00	2.65	-2.65	3882.79	218.22	536.04	380.41	54778.30	9.22	
17/03/2020	1.43	10.31	15.72	4.60	66.47	8.25	0.00	1.20	22.76	0.00	2.30	-2.30	4007.78	217.11	564.56	388.11	55888.30	8.83	
18/03/2020	1.65	11.07	17.73	3.26	67.91	8.36	0.06	8.30	15.61	0.00	2.51	-2.51	3178.46	181.86	491.03	310.34	44689.00	9.26	
19/03/2020	0.91	11.19	17.10	5.48	70.27	8.78	0.00	7.48	16.48	0.00	2.48	-2.48	3330.22	197.42	529.63	328.96	47369.80	9.05	
20/03/2020	2.40	8.77	10.86	5.34	82.85	9.09	0.00	1.27	21.64	0.60	0.67	-0.07	1133.63	73.87	223.78	110.76	15949.20	4.20	
21/03/2020	3.09	5.15	10.60	1.81	68.87	8.62	5.17	3.65	9.29	4.70	1.60	3.10	2280.11	129.53	350.30	218.47	31459.80	6.52	
22/03/2020	4.23	4.24	9.78	0.47	44.09	7.44	0.00	0.00	13.24	0.00	2.07	-2.07	4110.70	212.71	592.52	395.74	56986.30	7.74	
23/03/2020	5.20	1.18	3.79	-0.51	46.39	6.46	0.00	0.00	3.63	0.00	2.90	-2.90	2207.18	111.84	306.01	215.54	31037.20	4.32	
24/03/2020	1.94	2.62	9.45	-0.80	41.36	5.77	0.00	0.00	6.05	0.00	2.50	-2.50	1305.35	64.94	171.56	123.52	17786.30	2.92	
25/03/2020	2.32	4.40	11.54	-3.55	36.50	5.32	0.00	0.00	23.96	0.00	2.83	-2.83	5006.52	252.60	714.13	483.70	69652.40	10.42	
26/03/2020	2.17	4.71	10.94	-2.27	44.57	5.34	0.00	0.10	23.86	0.00	2.16	-2.16	4925.45	251.08	682.63	477.06	68696.90	10.27	
27/03/2020	1.35	6.69	16.25	-1.30	59.82	5.69	0.00	0.18	23.79	0.00	2.89	-2.89	4708.13	247.57	637.07	458.64	66043.60	10.23	
28/03/2020	2.35	7.91	16.59	-0.20	62.01	6.39	0.68	5.79	17.50	0.00	2.97	-2.97	4675.73	238.45	630.08	453.40	65289.70	10.22	
29/03/2020	4.41	3.30	6.75	0.84	68.59	6.64	0.00	0.85	23.11	0.00	0.35	-0.35	1873.42	117.53	346.83	181.81	26180.20	5.96	
30/03/2020	1.70	2.34	7.61	-4.42	53.84	5.75	0.07	1.33	21.32	0.40	1.53	-1.13	4790.35	257.38	719.71	469.11	67552.10	10.50	
31/03/2020	1.60	5.28	10.10	-0.55	61.12	6.22	1.05	8.32	14.60	0.00	1.80	-1.80	4766.93	261.12	739.78	460.13	66259.30	10.61	
01/04/2020	1.27	3.68	10.87	-2.98	56.07	6.29	0.00	3.68	17.97	0.00	2.32	-2.32	5658.38	301.52	837.67	552.52	79562.60	10.78	
02/04/2020	1.79	4.46	10.79	-3.19	64.38	6.29	0.07	5.38	18.42	0.00	1.81	-1.81	5137.66	259.62	736.58	497.81	71684.60	10.76	
03/04/2020	2.76	8.14	11.92	2.75	57.85	6.73	0.00	0.00	22.90	0.00	1.79	-1.79	2827.75	171.99	538.45	276.08	39755.80	8.87	
04/04/2020	1.48	6.36	14.28	-1.69	57.69	6.72	0.17	4.45	19.35	0.00	2.84	-2.84	5606.59	304.84	866.38	548.54	78989.90	11.00	
05/04/2020	3.44	10.75	18.90	2.79	48.12	7.27	0.00	0.00	23.97	0.00	4.38	-4.38	5650.49	308.67	875.39	553.01	79633.60	11.00	
06/04/2020	3.28	14.55	22.11	5.26	37.26	7.99	0.00	0.00	23.96	0.00	5.62	-5.62	5695.06	315.41	871.74	559.09	80509.50	10.93	
07/04/2020	1.07	14.14	21.78	6.31	60.46	9.18	0.00	2.58	21.38	0.00	3.82	-3.82	5499.74	312.08	823.30	540.61	77847.70	10.62	
08/04/2020	1.56	15.39	24.54	6.51	54.54	10.11	0.01	7.69	16.26	0.00	6.43	-6.43	5529.62	307.03	772.55	542.22	78080.10	10.83	
09/04/2020	1.62	14.69	22.78	6.07	57.18	10.83	0.01	4.24	19.71	0.00	4.73	-4.73	5490.38	302.52	798.22	538.79	77585.00	10.91	
10/04/2020	1.28	13.18	21.48	3.70	57.83	11.07	0.20	7.13	16.64	0.00	4.84	-4.84	5807.88	333.65	902.64	574.28	82696.20	11.00	
11/04/2020	1.71	13.44	22.89	2.76	53.81	11.16	0.04	5.28	18.64	0.00	5.15	-5.15	5832.53	332.92	888.26	575.98	82941.30	11.11	
12/04/2020	1.58	16.19	22.86	8.36	46.05	11.65	0.00	0.00	23.97	0.00	5.10	-5.10	5521.97	320.67	834.23	544.54	78414.00	10.61	
13/04/2020	2.87	8.32	13.67	2.71	62.42	11.42	0.18	4.76	19.02	0.20	1.79	-1.59	3179.62	179.51	506.44	301.97	43484.00	7.57	
14/04/2020	1.96	5.24	10.69	0.38	55.36	10.01	0.00	0.00	23.96	0.00	1.88	-1.88	4504.99	247.98	747.36	428.48	61701.10	11.12	
15/04/2020	1.60	8.17	18.62	-0.94	58.61	9.41	0.17	8.13	15.66	0.00	3.46	-3.46	5901.65	340.11	969.38	577.12	83104.70	11.17	
16/04/2020	1.47	14.52	24.74	2.58	45.63	10.03	0.00	1.57	22.40	0.00	5.87	-5.87	5987.98	344.90	842.59	589.48	84885.10	10.79	
17/04/2020	1.30	14.02	23.23	4.50	59.19	11.03	0.06	7.21	16.69	0.00	4.84	-4.84	5807.06	324.85	815.11	569.20	81964.40	11.02	
18/04/2020	1.42	13.13	21.10	6.26	73.82	11.49	0.21	10.18	13.58	0.10	2.82	-2.72	3053.50	185.66	510.27	300.08	43210.90	8.67	
19/04/2020	1.51	12.17	18.00	7.83	72.68	11.48	0.00	8.90	15.06	0.00	0.80	-0.80	2212.89	132.94	372.58	213.87	30796.80	5.91	
20/04/2020	2.89	11.80	19.20	1.30	41.55	11.03	0.00	3.97	19.99	0.00	4.45	-4.45	6468.94	360.37	968.53	633.05	91159.50	11.26	
21/04/2020	2.85	12.61	20.70	1.57	39.85	10.98	0.00	2.18	21.78	0.00	5.18	-5.18	6565.63	364.88	979.66	642.28	92488.80	11.33	
22/04/2020	2.00	13.53	22.60	2.38	42.03	11.21	0.04	4.65	19.27	0.00	5.61	-5.61	6636.53	373.21	998.03	650.08	93612.00	11.48	
23/04/2020	1.78	13.05	22.43	1.64	49.83	11.50	0.17	5.49	18.30	0.00	4.99	-4.99	6611.98	373.55	1001.72	646.98	93165.30	11.16	
24/04/2020	2.14	13.60	20.73	5.17	50.97	11.95	0.00	2.84	21.13	0.00	4.90	-4.90	5997.94	334.23	914.02	583.37	84004.60	11.59	
25/04/2020	1.80	9.99	16.03	6.02	59.52	12.09	0.00	0.01	23.95	0.00	2.27	-2.27	5479.80	308.80	850.31	522.88	75294.60	10.74	
26/04/2020	1.02	10.23	20.25	-0.47	60.94	11.78	0.43	6.98	16.56	0.00	3.56	-3.56	6664.66	380.99	972.57	654.60	94262.30	11.59	
27/04/2020	1.02	12.14	22.39	1.46	60.04	11.91	0.24	7.76	14.67	0.00	5.02	-5.02	5070.86	299.22	755.99	503.09	72444.70	10.27	
28/04/2020	2.97	13.85	18.05	7.86	60.81	12.29	0.00	3.06	10.50	0.10	0.00	0.10	6679.08	387.02	1044.35	649.22	93487.00	16.28	
29/04/2020	3.33	15.56	18.82	12.78	51.81	12.43	0.00	0.00	34.06	0.00	3.06	-3.06	6575.74	404.42	1135.30	621.83	89543.20	14.44	
30/04/2020	3.00	11.66	17.06	8.46	69.70	12.52	10.73	2.91	10.32	3.10	3.07	0.03	4688.69	289.56	805.53	454.48	65445.00	8.43	
01/05/2020	2.79	10.11	15.34	5.68	70.86	11.83	13.59	0.85	9.54	5.00	2.23	2.77	4908.96	290.62	806.77	467.10	67261.70	10.90	
02/05/2020	2.74	9.29	13.86	5.50	72.69	11.43	10.67	1.34	11.96	2.10	0.50	1.60	4728.38	285.49	798.12	460.44	66303.50	10.25	
03/05/2020	0.92	10.40	17.46	0.67	66.04	11.10	2.24	7.80	13.57	0.00	3.55	-3.55	5192.14	313.13	855.23	505.19	72747.40	11.61	
04/05/2020	1.57	10.82	15.50	3.49	74.29	11.54	8.03	6.13	9.80	2.20	1.13	1.07	2563.73	156.89	464.55	244.48	35205.70	8.81	
05/05/2020	1.57	8.87	16.58	2.04	61.06	11.09	2.21	7.72	14.02	0.00	3.58	-3.58	7027.92	398.11	1073.43	681.38	98118.40	12.24	
06/05/2020	1.29	9.40	18.37	-1.02	56.58	11.22	1.34	7.25	15.38	0.00	3.77	-3.77	7350.17	421.13	1109.76	721.65	103917.00	12.30	
07/05/2020	1.11	11.83	21.70	0.23	56.66	12.12	0.90	7.29	14.72	0.00	4.73	-4.73	7493.64	436.70	1136.78	737.07	106138.00	12.63	
08/05/2020	0.95	14.46	22.94	4.48	55.65	13.28	0.27	7.31	16.40	0.00	5.17	-5.17	6468.10	373.35	977.24	631.25	90900.40	11.52	
09/05/2020	1.39	15.86	23.14	8.39	61.84	14.17	0.00	6.74	16.15	0.00	4.58	-4.58	6100.39	363.09	941.70	587.73	84632.70	12.33	
10/05/2020	1.52	15.28	20.87	9.60	75.36	14.64	3.77	7.25	11.89	2.00	2.99	-0.99	3844.61	244.09	680.50	373.61	53800.00	10.21	
11/05/2020	4.12	8.64	13.01	4.67	58.46	14.89	3.02	1.98	18.70	1.80	1.99	-0.19	7178.33	412.18	1262.42	673.65	97005.44	15.75	
12/05/2020	1.58	6.78	13.04	-0.52	57.11	12.44	1.58	3.68	18.71	0.00	2.20	-2.20	6862.80	390.49	1070.88	656.66	94558.50	12.76	
13/05/2020	1.50	8.16	13.86	1.71	61.57	12.49	3.11	4.64	16.22	0.00	2.43	-2.43	4731.10	274.91	792.49	455.47	65587.00	10.98	
14/05/2020	2.05	8.99	15.82	2.59	55.00	12.44	0.03	3.84	20.09	0.00	2.60	-2.60	6735.22	376.50	1054.01	633.02	91155.50	12.38	
15/05/2020	2.17	8.96	16.39	1.16	54.10	12.69	0.00	6.22	17.74	0.00	3.20	-3.20	7677.05	426.59	1177.44	741.25	106740.00	12.86	
16/05/2020	1.25	10.63	19.01	-0.80	56.27	13.21	1.03	6.35	16.59	0.00	3.86	-3.86	7121.16	410.21	1101.34	689.06	99225.10	12.30	
17/05/2020	1.50	11.74	19.20	3.22	58.05	13.92	0.20	5.47	18.30	0.00	3.44	-3.44	7737.22	449.46	1226.87	749.85	107978.00	12.99	
18/05/2020	1.71	15.15	23.82	4.57	57.28	14.71	0.57	7.30	16.10	0.20	4.84	-4.64	7385.50	440.47	1168.43	727.82	104807.00	12.48	
19/05/2020	1.53	16.20	23.78	3.95	52.68	15.50	0.06	4.29	19.61	0.00	5.10	-5.10	6856.18	419.11	1143.89	671.78	96736.80	11.97	
20/05/2020	1.81	16.73	22.35	10.59	64.46	16.21	0.00	3.25	20.72	0.00	3.36	-3.36	5720.45	341.98	945.69	550.45	79264.20	12.63	
21/05/2020	1.28	17.75	27.96	6.49	63.95	16.45	0.55	8.58	14.83	0.00	5.36	-5.36	7508.59	448.47	1178.22	730.73	105226.00	13.15	
22/05/2020	2.06	18.93	26.44	11.72	67.27	17.07	3.49	7.36	13.12	0.50	4.67	-4.17	3391.03	218.04	631.31	329.78	47487.90	10.46	
23/05/2020	2.42	13.79	17.59	10.20	60.05	16.25	8.29	1.14	14.54	1.40	2.30	-0.90	4069.73	239.03	699.88	387.80	55843.10	10.16	
24/05/2020	3.03	13.41	17.75	9.57	60.32	14.89	1.57	0.20	22.20	0.00	2.84	-2.84	3958.54	248.11	701.17	380.11	54736.40	9.51	
25/05/2020	2.42	15.02	20.35	8.88	67.98	14.79	1.98	6.66	15.32	0.00	2.49	-2.49	4178.11	258.62	751.29	402.02	57891.30	11.49	
26/05/2020	1.57	14.27	23.00	3.84	60.33	15.08	5.64	2.92	15.40	0.00	4.74	-4.74	8012.90	461.86	1251.52	777.51	111962.00	13.26	
27/05/2020	1.65	16.66	24.71	5.71	54.81	16.07	4.33	3.30	16.33	0.00	5.66	-5.66	7844.40	463.23	1209.13	763.96	110010.00	12.60	
28/05/2020	2.06	15.70	22.02	7.34	47.84	16.92	0.00	0.00	23.97	0.00	4.79	-4.79	8263.37	474.07	1240.34	795.78	114592.00	13.49	
29/05/2020	1.18	14.17	23.68	2.17	52.77	16.90	0.92	5.58	17.46	0.00	5.25	-5.25	7816.78	457.05	1189.63	737.57	106210.00	12.83	
30/05/2020	1.71	15.24	23.85	3.32	48.80	17.07	1.03	4.69	18.24	0.00	5.56	-5.56	6764.18	414.68	1101.67	635.99	91582.40	12.70	
31/05/2020	1.46	14.09	22.90	3.57	54.61	17.08	1.40	5.34	17.23	0.00	4.80	-4.80	7731.74	463.39	1243.59	745.79	107394.00	12.41	
01/06/2020	1.12	17.20	27.17	5.18	53.30	17.45	1.66	5.65	16.66	0.00	6.24	-6.24	8177.35	480.73	1234.38	783.58	112835.00	13.41	
02/06/2020	1.32	18.99	27.90	6.95	51.63	18.13	3.86	3.59	16.51	0.00	7.11	-7.11	7789.37	465.87	1189.38	748.33	107760.00	13.03	
03/06/2020	1.50	19.78	25.87	10.21	47.69	18.68	0.00	1.39	22.57	0.00	5.36	-5.36	6711.29	398.39	1018.95	640.65	92253.90	12.87	
04/06/2020	2.06	13.34	18.40	10.43	85.89	18.15	17.58	3.92	2.47	7.90	0.52	7.38	1432.27	102.36	290.51	139.57	20098.50	4.14	
05/06/2020	2.95	10.52	14.87	7.78	77.07	16.04	5.67	8.96	9.33	3.90	1.00	2.90	3007.78	192.09	560.83	289.56	41695.90	8.48	
06/06/2020	3.16	12.34	18.78	7.07	58.92	14.81	1.94	0.49	21.54	3.90	2.76	1.14	5709.91	360.87	1010.60	539.23	77648.50	11.41	
07/06/2020	2.02	13.15	19.66	5.27	57.88	14.76	0.00	1.07	22.89	0.00	3.43	-3.43	5874.96	371.66	1002.24	557.89	80336.20	12.29	
08/06/2020	1.02	12.54	19.19	6.52	75.72	15.02	8.18	6.62	8.95	23.10	2.12	20.98	4392.36	285.27	801.39	425.86	61324.40	9.39	
09/06/2020	1.93	13.61	18.74	8.91	80.86	15.01	13.22	1.22	9.48	3.30	1.51	1.79	4039.18	246.60	717.98	388.10	55886.70	8.67	
10/06/2020	1.18	14.66	18.45	11.88	80.11	15.41	8.98	1.99	12.75	0.10	0.83	-0.73	3004.58	199.93	575.71	293.52	42266.20	9.91	
11/06/2020	0.77	15.41	19.44	11.42	76.93	15.84	3.20	5.81	14.96	1.10	2.49	-1.39	3961.37	267.26	764.65	382.80	55123.80	9.59	
12/06/2020	1.97	18.89	27.79	8.51	67.23	16.42	0.58	7.27	16.12	0.00	4.20	-4.20	7499.50	464.22	1231.13	731.54	105341.00	13.10	
13/06/2020	1.19	19.86	26.16	15.33	67.95	17.60	6.59	0.78	16.60	0.60	2.61	-2.01	4359.05	281.14	765.47	430.19	61946.60	11.82	
14/06/2020	1.91	18.84	21.40	15.54	63.40	17.51	0.00	0.00	23.97	0.00	2.91	-2.91	2363.50	167.54	499.29	232.15	33430.00	8.68	
15/06/2020	1.41	18.46	21.60	16.26	69.13	17.19	0.00	0.00	23.96	0.00	2.43	-2.43	3102.98	210.02	598.01	303.63	43722.10	10.59	
16/06/2020	1.01	17.38	21.43	13.61	81.74	17.46	5.60	7.96	10.40	24.10	2.05	22.05	3894.79	240.52	659.52	374.64	53947.90	10.85	
17/06/2020	1.01	16.96	23.73	10.11	80.01	17.51	6.27	7.00	10.69	5.00	3.40	1.60	5229.14	337.81	929.94	508.45	73216.90	11.25	
18/06/2020	1.64	18.08	23.95	13.23	68.49	17.97	9.36	0.48	14.13	0.60	3.59	-2.99	6569.09	423.21	1114.87	633.97	91291.70	12.62	
19/06/2020	1.10	16.38	22.57	10.26	74.57	17.76	4.16	9.49	10.31	1.00	3.51	-2.51	4507.61	283.86	785.61	438.31	63116.90	12.57	
20/06/2020	1.74	17.21	23.01	10.02	67.01	17.58	0.69	7.33	15.96	0.10	4.24	-4.14	7071.50	428.29	1133.65	676.59	97428.50	13.35	
21/06/2020	1.34	18.46	26.21	8.35	63.09	17.61	0.17	7.40	16.40	0.00	4.85	-4.85	5533.78	354.65	954.72	545.40	78537.30	12.64	
22/06/2020	1.62	17.63	23.69	11.50	66.76	18.08	0.32	3.33	20.32	0.10	3.18	-3.08	6574.03	391.58	1087.80	624.05	89862.50	12.64	
23/06/2020	0.99	19.11	27.42	8.32	62.00	18.32	0.13	7.75	16.08	0.00	5.75	-5.75	8153.93	486.47	1261.11	801.29	115385.00	13.56	
24/06/2020	1.71	21.05	28.79	11.32	53.66	19.04	0.03	7.13	16.80	0.00	6.63	-6.63	8264.57	495.25	1279.06	810.68	116738.00	13.60	
25/06/2020	2.07	21.20	28.25	13.13	59.40	19.42	0.00	4.71	19.26	0.00	5.72	-5.72	7457.59	455.93	1193.19	724.68	104353.00	13.53	
26/06/2020	1.81	21.54	31.53	13.62	62.71	19.87	3.89	7.89	12.19	0.80	7.79	-6.99	7291.25	447.82	1174.70	716.51	103178.00	11.46	
27/06/2020	2.24	21.86	27.88	17.36	63.42	20.10	1.78	1.50	20.68	0.10	4.41	-4.31	4330.27	282.27	781.14	422.69	60866.90	11.73	
28/06/2020	2.47	18.90	21.39	15.32	62.13	19.63	0.00	0.23	23.74	0.00	1.69	-1.69	3336.82	217.69	637.50	323.42	46572.90	9.96	
29/06/2020	2.51	16.91	22.15	11.18	60.98	18.88	3.74	0.73	19.49	7.10	3.57	3.53	6086.59	378.03	1056.29	572.01	82369.70	10.70	
30/06/2020	2.74	16.92	22.60	10.29	57.63	18.28	0.00	0.00	23.96	0.00	3.40	-3.40	5651.18	372.79	1080.25	544.10	78350.30	11.96	
01/07/2020	2.60	19.47	22.81	16.82	70.46	18.60	3.51	0.91	19.55	7.50	2.54	4.96	3438.22	231.34	671.16	334.99	48238.30	10.27	
02/07/2020	1.71	16.77	20.58	13.83	78.25	18.60	10.97	2.42	10.58	4.70	1.64	3.06	3820.30	242.62	692.50	367.53	52924.50	10.58	
03/07/2020	1.74	16.28	22.27	9.10	66.91	17.90	0.00	5.31	18.67	0.00	3.28	-3.28	5454.74	349.60	990.14	512.92	73861.10	13.37	
04/07/2020	2.77	18.80	24.66	12.73	61.19	17.90	0.00	0.17	23.80	0.10	3.41	-3.31	4861.85	313.64	891.21	473.66	68206.30	11.34	
05/07/2020	3.93	21.71	26.08	18.93	63.45	18.70	0.00	0.00	23.97	0.00	3.84	-3.84	5299.58	353.85	1013.48	512.22	73759.10	12.92	
06/07/2020	3.30	15.34	19.08	11.80	59.35	18.60	0.14	0.92	22.90	0.20	0.93	-0.73	4572.36	290.82	806.81	444.59	64020.70	11.37	
07/07/2020	1.34	15.69	22.33	7.78	61.37	17.90	0.00	6.51	17.46	0.00	3.59	-3.59	5530.54	352.02	996.24	536.23	77217.00	12.65	
08/07/2020	0.78	14.65	16.64	11.50	83.93	18.00	14.21	5.19	4.56	8.40	0.80	7.60	2364.39	164.40	537.08	229.54	33054.30	8.58	
09/07/2020	1.57	20.09	26.49	15.80	73.00	18.30	10.60	0.97	12.40	0.30	3.63	-3.33	5166.46	337.20	950.69	503.66	72527.30	11.72	
10/07/2020	2.35	17.11	20.43	13.18	73.88	18.60	2.31	5.79	15.86	1.70	1.90	-0.20	2874.07	192.85	564.84	280.06	40328.90	10.53	
11/07/2020	1.54	15.24	21.42	10.74	64.64	17.90	0.00	5.62	18.35	0.00	3.12	-3.12	6155.86	378.91	1017.94	576.72	83047.20	11.90	
12/07/2020	1.18	15.22	22.85	6.04	63.55	18.10	0.00	7.24	16.72	0.00	3.60	-3.60	7517.02	436.36	1153.20	709.27	102135.00	13.39	
13/07/2020	1.01	17.30	26.63	6.46	58.14	18.70	0.01	7.71	16.24	0.00	5.34	-5.34	7656.86	454.64	1179.50	734.35	105746.00	12.50	
14/07/2020	1.22	16.61	25.55	8.84	67.88	19.10	0.87	10.83	12.26	0.10	5.38	-5.28	5443.80	338.50	919.78	529.58	76258.90	11.12	
15/07/2020	2.19	16.53	20.67	13.37	65.15	19.00	0.00	1.42	22.54	0.10	2.86	-2.76	5103.89	324.85	911.98	494.64	71228.70	11.93	
16/07/2020	1.46	15.21	18.20	12.92	84.55	18.60	9.73	5.34	8.91	2.50	0.46	2.04	1741.14	149.38	460.76	191.71	27606.20	5.99	Wassersäule abgebrochen
17/07/2020	1.86	17.50	23.28	12.94	73.28	18.40	0.00	1.64	22.32	4.10	3.51	0.59	4131.34	359.43	1030.94	477.03	68691.90	10.24	
18/07/2020	0.93	18.83	27.50	9.77	67.27	18.70	0.06	7.87	16.04	0.00	4.55	-4.55	4607.62	387.84	1053.70	543.06	78200.50	11.22	
19/07/2020	1.46	22.51	29.74	16.29	49.30	19.70	0.00	0.00	23.97	0.00	6.89	-6.89	4719.86	379.08	980.29	552.09	79500.40	11.83	
20/07/2020	1.95	17.66	22.51	12.62	66.04	19.70	0.00	0.00	23.97	0.00	2.35	-2.35	2604.10	208.18	585.97	299.93	43190.10	8.89	
21/07/2020	2.07	16.12	22.60	9.82	56.08	19.00	0.00	0.00	23.97	0.00	3.86	-3.86	5773.01	431.84	1188.18	659.44	94959.60	12.64	
22/07/2020	1.68	16.83	23.47	8.85	55.85	19.20	0.00	0.00	23.97	0.00	4.27	-4.27	5935.32	432.32	1171.33	685.78	98752.60	12.57	
23/07/2020	0.86	17.92	26.83	6.45	53.54	19.50	0.00	4.34	19.63	0.00	5.66	-5.66	6009.00	454.09	1187.08	700.90	100929.00	11.70	
24/07/2020	1.86	20.47	26.55	14.62	50.91	20.20	0.00	0.37	23.59	0.00	5.78	-5.78	3796.20	300.94	822.71	437.26	62965.30	9.68	
25/07/2020	1.64	19.90	25.22	11.40	62.09	19.90	0.00	6.28	17.69	0.00	4.47	-4.47	2556.19	220.76	635.55	303.65	43725.90	7.15	
26/07/2020	2.24	19.29	24.89	13.04	64.51	19.80	4.80	5.96	13.20	2.00	3.91	-1.91	4654.90	329.97	900.05	490.85	70682.80	10.50	
27/07/2020	1.86	20.39	30.64	9.53	56.22	19.30	0.42	7.53	16.02	0.00	6.18	-6.18	4343.16	317.70	878.97	460.96	66377.50	11.63	
28/07/2020	2.86	21.21	25.10	16.36	46.45	20.00	0.00	0.00	23.96	0.00	4.58	-4.58	5432.81	379.38	1028.59	580.75	83627.30	11.13	
29/07/2020	1.75	17.44	24.43	9.59	57.39	19.90	0.00	4.87	19.10	0.10	4.64	-4.54	6487.03	434.92	1170.73	698.63	100603.00	12.59	
30/07/2020	1.13	19.11	29.11	7.37	54.08	20.00	0.03	5.93	18.01	0.00	6.44	-6.44	6425.76	437.73	1147.18	694.84	100058.00	12.26	
31/07/2020	1.81	23.86	35.06	10.61	45.50	20.80	0.00	3.67	20.30	0.00	10.14	-10.14	6477.14	438.88	1115.90	697.93	100502.00	12.25	
01/08/2020	1.69	24.06	30.56	18.63	58.85	21.56	5.23	0.22	18.52	3.30	3.61	-0.31	4054.68	261.99	698.56	407.79	58721.60	9.85	
02/08/2020	2.13	20.76	25.66	15.41	58.30	21.40	0.00	0.00	23.97	0.00	4.54	-4.54	5056.37	331.42	916.05	506.28	72903.60	10.70	
03/08/2020	1.54	17.55	23.09	11.08	59.25	20.48	0.14	2.52	21.30	0.00	4.28	-4.28	4168.37	267.22	726.09	423.21	60941.70	7.85	
04/08/2020	2.06	17.41	23.89	10.27	60.21	19.96	0.00	0.00	23.96	0.00	4.35	-4.35	6196.90	380.91	1015.84	620.47	89347.10	11.30	
05/08/2020	1.61	20.48	30.36	8.69	45.72	20.00	0.00	5.91	18.06	0.00	7.64	-7.64	6698.88	425.45	1082.65	695.55	100160.00	12.12	
06/08/2020	1.80	23.11	31.07	14.86	41.15	20.82	0.00	0.00	23.96	0.00	7.77	-7.77	6732.98	414.49	1057.45	677.16	97511.00	12.06	
07/08/2020	1.25	24.49	34.35	13.45	46.32	21.56	0.00	2.81	21.15	0.00	9.72	-9.72	6768.53	415.48	1013.36	678.26	97668.70	11.98	
08/08/2020	1.20	26.27	36.55	15.39	47.83	22.40	0.00	1.26	22.70	0.00	10.46	-10.46	6334.51	385.75	926.53	632.39	91063.40	11.70	
09/08/2020	1.29	25.92	36.05	16.69	50.34	23.03	0.01	0.32	23.64	0.10	11.55	-11.45	4589.33	291.76	734.63	457.07	65817.40	10.82	
10/08/2020	1.51	25.50	33.35	16.81	54.99	23.17	0.00	2.31	21.65	0.00	8.36	-8.36	5319.05	334.46	858.88	532.11	76623.70	10.98	
11/08/2020	2.02	24.43	33.67	17.74	61.60	23.24	3.10	4.19	16.68	3.40	6.28	-2.88	4161.34	262.04	686.23	415.63	59850.00	8.49	
12/08/2020	2.20	22.95	32.86	16.46	74.75	22.85	15.92	0.42	7.63	46.40	6.31	40.09	4926.74	306.07	814.42	492.53	70924.60	7.97	
13/08/2020	1.93	24.23	31.54	18.79	67.43	22.36	2.25	5.72	15.98	0.00	5.60	-5.60	5457.53	338.71	889.23	535.28	77080.60	9.56	
14/08/2020	1.25	22.47	29.61	16.25	67.34	22.24	3.70	2.65	17.61	2.00	4.96	-2.96	4035.58	256.94	671.83	391.23	56337.00	10.50	
15/08/2020	0.81	21.04	28.34	16.81	81.43	22.03	16.27	1.31	6.39	1.60	3.72	-2.12	4031.86	261.10	688.78	401.35	57793.70	8.86	
16/08/2020	1.48	21.41	29.69	16.16	77.28	21.74	12.20	5.21	6.55	1.90	5.76	-3.86	4691.62	290.23	763.11	461.13	66403.30	9.07	
17/08/2020	1.20	20.86	27.42	16.04	71.09	21.44	11.74	2.16	10.08	3.40	4.30	-0.90	4147.99	267.96	715.74	399.27	57495.20	9.67	
18/08/2020	1.20	18.11	24.78	13.69	75.63	20.80	7.68	0.96	15.33	22.50	3.10	19.40	3841.90	246.69	672.39	376.12	54160.80	8.14	
19/08/2020	1.54	19.92	27.62	12.60	69.75	20.06	9.51	2.32	12.13	0.30	5.03	-4.73	5930.45	361.71	948.25	585.33	84287.10	10.82	
20/08/2020	1.75	24.23	30.75	18.85	64.46	20.96	0.11	5.87	17.97	0.70	4.61	-3.91	4877.86	317.45	853.07	471.83	67943.80	9.95	
21/08/2020	2.24	25.40	27.56	22.42	54.14	21.47	0.00	0.00	23.97	0.00	4.56	-4.56	2640.48	168.36	467.91	256.94	36998.80	8.24	
22/08/2020	2.67	21.65	26.15	18.36	53.27	20.85	0.00	0.00	23.97	0.00	4.55	-4.55	5033.86	314.66	850.98	491.51	70777.60	10.51	
23/08/2020	2.59	17.81	21.11	14.50	64.59	20.06	0.00	0.10	23.97	0.00	2.97	-2.97	3909.79	251.26	710.39	379.97	54716.10	10.37	
24/08/2020	2.17	16.80	21.82	13.22	65.90	19.22	0.00	0.01	23.95	0.00	2.81	-2.81	3856.32	249.86	704.68	375.81	54116.40	9.83	
25/08/2020	1.84	17.39	24.55	11.06	67.57	18.59	0.00	8.54	15.42	0.10	2.82	-2.72	2336.70	146.81	423.80	224.68	32354.20	7.93	
26/08/2020	4.75	18.74	20.77	16.67	55.51	18.25	0.00	0.00	23.97	0.00	2.78	-2.78	1833.58	125.94	372.67	178.09	25645.10	6.39	
27/08/2020	1.43	17.50	23.90	10.14	63.51	18.02	0.00	4.05	19.92	0.00	4.03	-4.03	4613.26	281.81	765.11	444.86	64060.40	10.50	
28/08/2020	2.12	17.01	21.20	11.66	68.15	18.26	0.44	5.44	18.09	0.50	2.93	-2.43	3170.06	198.48	556.12	305.43	43982.20	9.08	
29/08/2020	2.41	15.90	22.11	10.49	64.12	17.78	0.00	1.97	22.00	0.00	3.65	-3.65	4695.91	292.52	781.39	456.18	65689.90	9.27	
30/08/2020	1.14	14.09	21.75	6.71	75.16	17.46	0.02	8.93	15.02	0.00	2.28	-2.28	3928.22	241.43	647.35	379.05	54582.60	8.57	
31/08/2020	1.64	15.64	19.20	11.83	79.25	17.64	5.01	8.54	10.42	1.50	1.17	0.33	2356.33	148.48	419.64	227.18	32713.30	7.25	
01/09/2020	1.80	15.16	19.14	12.15	69.65		0.00	0.00	23.96	0.00	1.71	-1.71	3327.12	204.23	564.17	322.96	46506.00	8.50	
02/09/2020	1.03	15.36	22.56	7.74	65.13		0.08	5.95	17.93	0.00	3.20	-3.20	5491.90	309.10	788.61	534.53	76971.60	10.72	
03/09/2020	1.46	14.31	20.04	7.80	76.71		3.39	10.22	10.37	1.60	0.64	0.96	1476.66	100.51	305.81	144.08	20747.50	6.47	
04/09/2020	1.34	19.87	24.11	14.53	74.12		0.08	2.86	21.01	0.10	2.61	-2.51	1984.09	133.03	374.00	194.98	28077.10	6.32	
05/09/2020	1.88	15.69	20.09	9.98	71.86		0.01	6.33	17.62	0.00	1.79	-1.79	3266.50	197.02	541.97	315.14	45380.70	8.81	
06/09/2020	1.01	12.85	19.50	4.81	67.34		0.10	9.01	14.86	0.00	2.38	-2.38	3606.41	212.77	570.96	353.06	50841.20	9.51	
07/09/2020	0.87	13.17	22.26	4.40	68.07		0.17	10.18	13.61	0.00	2.96	-2.96	4988.64	292.50	785.96	489.07	70425.80	10.38	
08/09/2020	1.23	15.44	23.67	6.50	71.38		0.13	11.66	12.18	0.00	3.32	-3.32	4106.93	255.66	713.56	408.37	58804.70	9.96	
09/09/2020	1.41	17.91	25.41	9.91	73.76		0.47	9.63	13.87	0.90	2.91	-2.01	2803.78	186.43	523.57	274.59	39540.70	9.24	
10/09/2020	1.18	15.87	21.82	8.25	69.35		9.15	2.40	12.42	2.60	2.67	-0.07	5227.92	293.09	777.90	507.17	73032.60	10.28	
11/09/2020	0.84	14.20	24.15	4.65	71.54		0.17	12.68	11.12	0.00	3.51	-3.51	4545.43	247.24	639.74	446.66	64319.60	10.14	
12/09/2020	1.37	16.55	23.27	11.01	68.95		0.01	8.64	15.32	0.00	3.06	-3.06	4556.33	247.82	649.65	443.03	63795.60	10.05	
13/09/2020	0.80	16.47	27.52	7.37	70.01		0.01	11.61	12.35	0.00	4.43	-4.43	4738.70	265.66	695.28	462.69	66627.10	10.45	
14/09/2020	1.84	19.70	30.32	10.50	62.64		0.01	9.09	14.86	0.00	5.35	-5.35	4499.47	248.19	639.40	437.95	63064.10	10.25	
15/09/2020	1.27	21.80	33.17	12.84	58.86		0.00	1.37	22.60	0.00	7.95	-7.95	4595.02	258.35	639.00	446.44	64287.50	9.99	
16/09/2020	1.82	21.17	30.73	13.74	61.69		0.00	6.02	17.94	0.00	6.96	-6.96	4050.26	224.64	577.45	394.66	56831.00	9.95	
17/09/2020	1.77	16.35	22.25	7.83	57.95		0.00	0.00	23.96	0.00	3.77	-3.77	4605.31	247.20	674.19	443.51	63865.70	9.95	
18/09/2020	1.74	13.56	23.94	3.44	64.51		0.01	9.07	14.88	0.00	3.64	-3.64	4496.45	238.70	649.25	434.31	62540.80	10.00	
19/09/2020	1.91	16.54	26.08	9.38	50.49		0.00	1.06	22.90	0.00	4.61	-4.61	4509.74	243.61	646.25	438.02	63074.90	9.99	
20/09/2020	1.20	15.30	26.14	6.25	59.05		0.00	6.91	17.06	0.00	5.62	-5.62	4393.94	236.10	619.98	424.18	61081.80	9.90	
21/09/2020	0.98	14.35	26.83	4.18	63.62		0.01	9.67	14.28	0.00	5.36	-5.36	4282.08	232.40	591.65	415.25	59795.60	9.73	
22/09/2020	1.02	15.70	27.05	5.90	62.53		0.00	9.65	14.31	0.00	5.36	-5.36	4229.18	227.63	563.73	410.21	59070.20	9.74	
23/09/2020	1.70	16.89	24.51	8.31	62.06		0.00	5.02	18.94	0.00	3.34	-3.34	3031.56	178.01	462.64	294.75	42444.00	8.98	
24/09/2020	2.84	15.85	19.38	10.01	63.56		5.89	0.36	17.71	1.50	2.59	-1.09	3741.36	203.58	542.60	361.65	52077.00	8.62	
25/09/2020	2.54	11.45	15.87	8.02	73.23		9.05	6.67	8.24	7.50	1.48	6.02	2869.20	166.56	449.05	276.88	39870.90	7.18	
26/09/2020	2.91	9.74	10.49	8.34	85.49		8.40	11.53	4.04	14.00	0.28	13.72	783.35	54.55	155.84	75.95	10936.30	1.47	
27/09/2020	1.78	10.95	13.54	8.62	84.40		3.70	9.48	10.78	16.90	0.83	16.07	1633.86	102.38	289.32	160.09	23053.10	6.62	
28/09/2020	1.26	10.98	14.82	6.47	78.19		0.00	10.07	13.89	0.40	1.23	-0.83	1843.65	113.40	329.52	182.43	26270.40	7.09	
29/09/2020	1.13	11.64	15.47	8.43	89.21		2.27	18.65	3.05	7.00	0.35	6.65	1057.42	64.27	173.27	102.17	14712.00	2.20	
30/09/2020	1.67	14.33	20.36	10.43	85.46		0.12	13.03	10.82	0.20	1.52	-1.32	2651.66	161.83	433.96	262.07	37738.70	7.97	
01/10/2020	2.23	12.59	16.52	10.32	84.40		0.00	10.16	13.81	0.30	0.64	-0.34	1412.85	84.46	261.56	137.65	19822.00	4.46	
02/10/2020	1.91	12.44	17.18	7.03	80.92		0.00	11.92	12.04	0.10	1.19	-1.09	1771.06	109.42	307.91	175.29	25242.00	6.30	
03/10/2020	1.33	12.51	15.85	9.71	81.77		5.33	13.74	4.89	1.70	0.50	1.20	844.00	48.77	122.09	79.63	11466.90	1.60	
04/10/2020	3.16	10.92	14.66	8.91	78.63		6.63	6.18	11.16	2.90	1.18	1.72	3046.18	167.42	444.34	298.49	42982.80	7.56	
05/10/2020	2.97	11.48	15.30	9.07	76.71		4.53	2.91	16.53	0.00	0.94	-0.94	1909.88	111.80	295.45	187.14	26948.20	5.12	
06/10/2020	3.36	12.91	16.76	10.53	73.78		0.41	2.92	20.63	0.40	1.02	-0.62	2202.34	129.42	351.29	216.23	31137.30	7.22	
07/10/2020	3.00	12.57	15.57	9.97	70.32		0.00	0.81	23.16	0.00	1.28	-1.28	1821.29	109.05	307.41	179.95	25912.20	6.28	Sensor wieder ok
